Source 1 (left)
    42    63    86    88   114   139   155   185   195   248
   257   268   352   474   492
Source 2 (right)
    76   101   158   174   178   195   201   260   268   291
   304   313   324   338   380   383   384   391   393   412
   414   434   435   459   466
Destination 1 (loop for compares, then loop to finish)
    42    63    76    86    88   101   114   139   155   158
   174   178   185   195   195   201   248   257   260   268
   268   291   304   313   324   338   352   380   383   384
   391   393   412   414   434   435   459   466   474   492
Destination 2 (one loop four cases)
    42    63    76    86    88   101   114   139   155   158
   174   178   185   195   195   201   248   257   260   268
   268   291   304   313   324   338   352   380   383   384
   391   393   412   414   434   435   459   466   474   492
Destination 3 (while while while)
    42    63    76    86    88   101   114   139   155   158
   174   178   185   195   195   201   248   257   260   268
   268   291   304   313   324   338   352   380   383   384
   391   393   412   414   434   435   459   466   474   492
