Initial data
  15.0  14.0  13.0  12.0  11.0  10.0   9.0   8.0   7.0   6.0
   5.0   4.0   3.0   2.0   1.0   0.0  -1.0  -2.0  -3.0  -4.0
  -5.0  -6.0  -7.0  -8.0  -9.0 -10.0 -11.0 -12.0 -13.0 -14.0
Shuffled:
   0.0  10.0   5.0  13.0   9.0  14.0   8.0  -6.0   3.0  -2.0
  -5.0   2.0 -10.0   4.0 -14.0 -11.0  -7.0  -4.0  11.0  -3.0
  -9.0 -13.0  -8.0   7.0   6.0 -12.0  12.0   1.0  15.0  -1.0
Bubble Sort test
 -14.0 -13.0 -12.0 -11.0 -10.0  -9.0  -8.0  -7.0  -6.0  -5.0
  -4.0  -3.0  -2.0  -1.0   0.0   1.0   2.0   3.0   4.0   5.0
   6.0   7.0   8.0   9.0  10.0  11.0  12.0  13.0  14.0  15.0
  249 compares.
  747 moves.
Shuffled:
   7.0  -7.0  11.0  -8.0   8.0   3.0   0.0  -5.0  -3.0 -14.0
  -2.0  -1.0  -9.0   6.0  -6.0  14.0 -10.0 -12.0   9.0   2.0
   1.0  13.0   4.0  10.0  -4.0  15.0  12.0 -11.0   5.0 -13.0
Selection Sort test
 -14.0 -13.0 -12.0 -11.0 -10.0  -9.0  -8.0  -7.0  -6.0  -5.0
  -4.0  -3.0  -2.0  -1.0   0.0   1.0   2.0   3.0   4.0   5.0
   6.0   7.0   8.0   9.0  10.0  12.0  11.0  13.0  14.0  15.0
  435 compares.
  87 moves.
Shuffled:
  -1.0 -13.0   4.0 -11.0   1.0  -7.0 -10.0   7.0  10.0  12.0
   8.0  15.0   5.0  -5.0  13.0   2.0 -12.0   6.0   3.0  14.0
   9.0  -9.0  -3.0   0.0  -8.0  -2.0  -4.0  -6.0  11.0 -14.0
Insertion Sort test
 -14.0 -13.0 -12.0 -11.0 -10.0  -9.0  -8.0  -7.0  -6.0  -5.0
  -4.0  -3.0  -2.0  -1.0   0.0   1.0   2.0   3.0   4.0   5.0
   6.0   7.0   8.0   9.0  10.0  11.0  12.0  13.0  14.0  15.0
  211 compares.
  272 moves.
