Testing print in order display() code
12, 17, 18, 19, 20, 24, 26, 30, 37, 39, 40, 47, 
Printing a tree view of your tree

                              30
              20                              40
      18              26              37              47
  12      19      24                      39
    17

Max: 47
Min: 12
Find 37: true
Find 38: false
1 (12): 17, 18, 19, 20, 24, 26, 30, 37, 39, 40, 47, 

                              30
              20                              40
      18              26              37              47
  17      19      24                      39

2 (17): 12, 18, 19, 20, 24, 26, 30, 37, 39, 40, 47, 

                              30
              20                              40
      18              26              37              47
  12      19      24                      39

3 (18): 12, 17, 99, 19, 20, 24, 26, 30, 37, 39, 40, 47, 

                              30
              20                              40
      99              26              37              47
  12      19      24                      39
    17

4 (19): 12, 17, 18, 20, 24, 26, 30, 37, 39, 40, 47, 

                              30
              20                              40
      18              26              37              47
  12              24                      39
    17

5 (20): 12, 17, 18, 19, 24, 26, 30, 37, 39, 40, 47, 

                              30
              24                              40
      18              26              37              47
  12      19                              39
    17

6 (24): 12, 17, 18, 19, 20, 26, 30, 37, 39, 40, 47, 

                              30
              20                              40
      18              26              37              47
  12      19                              39
    17

7 (26): 12, 17, 18, 19, 20, 24, 30, 37, 39, 40, 47, 

                              30
              20                              40
      18              24              37              47
  12      19                              39
    17

8 (30): 12, 17, 18, 19, 20, 24, 26, 37, 39, 40, 47, 

                              37
              20                              40
      18              26              39              47
  12      19      24
    17

9 (37): 12, 17, 18, 19, 20, 24, 26, 30, 39, 40, 47, 

                              30
              20                              40
      18              26              39              47
  12      19      24
    17

10 (39): 12, 17, 18, 19, 20, 24, 26, 30, 37, 40, 47, 

                              30
              20                              40
      18              26              37              47
  12      19      24
    17

11 (40): 12, 17, 18, 19, 20, 24, 26, 30, 37, 39, 99, 47, 

                              30
              20                              99
      18              26              37              47
  12      19      24                      39
    17

12 (47): 12, 17, 18, 19, 20, 24, 26, 30, 37, 39, 40, 

                              30
              20                              40
      18              26              37
  12      19      24                      39
    17

Testing print breadth first: 
30 20 40 18 26 37 47 12 19 24 39 17 